CIS SUFFERED FROM VOLKER HIGHWAYS - schedule by HMRC tax month
(tax month 1 = 6 Apr to 5 May; allocated by the date Volker paid)

Tax year  Mth  period from   pmts   gross labour   CIS suffered
2019/20    12  06 Mar 2020      4      98,719.15      19,743.83
               2019/20 total     4      98,719.15      19,743.83

2020/21     1  06 Apr 2020      4     113,287.25      22,657.45
2020/21     2  06 May 2020      3      91,802.75      18,360.55
2020/21     3  06 Jun 2020      3     123,530.90      24,706.18
2020/21     4  06 Jul 2020      4     122,168.05      24,433.61
2020/21     5  06 Aug 2020      2      89,322.20      17,864.44
2020/21     6  06 Sep 2020      2      85,357.35      17,071.47
2020/21     7  06 Oct 2020      1      44,086.00       8,817.20
2020/21     8  06 Nov 2020      5     174,693.80      34,938.76
2020/21     9  06 Dec 2020      5     145,753.10      29,150.62
2020/21    10  06 Jan 2021      3      64,376.25      12,875.25
2020/21    11  06 Feb 2021      4      97,620.50      19,524.10
2020/21    12  06 Mar 2021      4      99,476.90      19,895.38
               2020/21 total    40   1,251,475.05     250,295.01

2021/22     1  06 Apr 2021      5     112,971.15      22,594.23
2021/22     2  06 May 2021      5     126,742.90      25,348.58
2021/22     3  06 Jun 2021      5     127,371.00      25,474.20
2021/22     4  06 Jul 2021      4      95,880.05      19,176.01
2021/22     5  06 Aug 2021      3      75,903.05      15,180.61
2021/22     6  06 Sep 2021      6     155,701.90      31,140.38
2021/22     7  06 Oct 2021      5     132,262.20      26,452.44
2021/22     8  06 Nov 2021      4     143,287.30      28,657.46
2021/22     9  06 Dec 2021      3     114,619.45      22,923.89
2021/22    10  06 Jan 2022      5     144,520.15      28,904.03
2021/22    11  06 Feb 2022      4     146,969.85      29,393.97
2021/22    12  06 Mar 2022      4     117,726.50      23,545.30
               2021/22 total    53   1,493,955.50     298,791.10

2022/23     1  06 Apr 2022      4     101,347.90      20,269.58
2022/23     2  06 May 2022      6     168,834.85      33,766.97
2022/23     3  06 Jun 2022      4     134,528.70      26,905.74
2022/23     4  06 Jul 2022      5     169,577.15      33,915.43
2022/23     5  06 Aug 2022      5     168,811.40      33,762.28
2022/23     6  06 Sep 2022      3      89,858.00      17,971.60
2022/23     7  06 Oct 2022      5     221,006.80      44,201.36
2022/23     8  06 Nov 2022      4     142,004.50      28,400.90
2022/23     9  06 Dec 2022      4     115,124.15      23,024.83
2022/23    10  06 Jan 2023      4     126,654.15      25,330.83
2022/23    11  06 Feb 2023      6     187,520.75      37,504.15
2022/23    12  06 Mar 2023      2      70,566.65      14,113.33
               2022/23 total    52   1,695,835.00     339,167.00

2023/24     1  06 Apr 2023      5     145,811.70      29,162.34
2023/24     2  06 May 2023      4     136,739.10      27,347.82
2023/24     3  06 Jun 2023      4     166,339.30      33,267.86
2023/24     4  06 Jul 2023      5     226,013.50      45,202.70
2023/24     5  06 Aug 2023      4     184,590.80      36,918.16
2023/24     6  06 Sep 2023      4     160,142.85      32,028.57
2023/24     7  06 Oct 2023      4     185,528.15      37,105.63
2023/24     8  06 Nov 2023      6     275,963.35      55,192.67
2023/24     9  06 Dec 2023      4     150,836.20      30,167.24
2023/24    10  06 Jan 2024      3     101,944.65      20,388.93
2023/24    11  06 Feb 2024      4     142,854.55      28,570.91
2023/24    12  06 Mar 2024      5     180,774.05      36,154.81
               2023/24 total    52   2,057,538.20     411,507.64

2024/25     1  06 Apr 2024      4     138,445.30      27,689.06
2024/25     2  06 May 2024      4     150,231.10      30,046.22
2024/25     3  06 Jun 2024      5     187,084.45      37,416.89
2024/25     4  06 Jul 2024      5     164,061.35      32,812.27
2024/25     5  06 Aug 2024      5     163,544.25      32,708.85
2024/25     6  06 Sep 2024      4     198,241.50      39,648.30
2024/25     7  06 Oct 2024      4     200,442.50      40,088.50
2024/25     8  06 Nov 2024      5     184,949.00      36,989.80
2024/25     9  06 Dec 2024      4     238,713.00      47,742.60
2024/25    10  06 Jan 2025      3     118,734.30      23,746.86
2024/25    11  06 Feb 2025      1      32,430.60       6,486.12
2024/25    12  06 Mar 2025      7     297,667.85      59,533.57
               2024/25 total    51   2,074,545.20     414,909.04

2025/26     1  06 Apr 2025      2      79,375.90      15,875.18
2025/26     2  06 May 2025      7     275,518.40      55,103.68
2025/26     4  06 Jul 2025      5     144,385.40      28,877.08
2025/26     5  06 Aug 2025      4     212,308.20      42,461.64
               2025/26 total    18     711,587.90     142,317.58

GRAND TOTAL                    270   9,383,656.00   1,876,731.20
Tax months with a payment: 65
